163 Гц
коэффициенты для перевода в мм.рт.ст
offset = 26948
scale = 5619
P = (x+offset)/scale

RawPress
27204
27197
27189
27201
27224
27233
27215
27183
27159
27153
27157
27162
27165
27164
27164
27172
27187
27198
27207
27207
27202
27193
27177
27155
27143
27152
27168
27176
27176
27177
27181
27177
27163
27147
27143
27156
27184
27206
27210
27210
27217
27215
27187
27157
27112
27094
27111
27145
27164
27157
27148
27145
27149
27151
27157
27176
27190
27184
27170
27176
27200
27213
27196
27166
27152
27160
27169
27171
27161
27148
27147
27161
27184
27208
27222
27214
27189
27164
27142
27116
27097
27106
27129
27140
27141
27148
27174
27203
27217
27214
27201
27191
27179
27177
27182
27185
27178
27164
27158
27172
27188
27201
27188
27164
27152
27157
27166
27174
27183
27188
27181
27165
27153
27148
27150
27155
27166
27172
27179
27185
27191
27193
27188
27187
27192
27195
27185
27167
27156
27157
27158
27142
27116
27105
27111
27134
27157
27179
27197
27199
27181
27144
27115
27111
27124
27133
27128
27122
27132
27156
27174
27175
27159
27140
27132
27139
27159
27190
27215
27215
27183
27140
27117
27121
27149
27183
27201
27199
27188
27160
27131
27118
27127
27151
27183
27212
27220
27195
27153
27127
27125
27125
27117
27112
27124
27139
27162
27173
27181
27183
27182
27179
27178
27178
27169
27149
27135
27143
27170
27194
27202
27193
27182
27164
27153
27158
27170
27180
27183
27185
27192
27201
27220
27229
27207
27167
27144
27153
27168
27185
27193
27190
27167
27129
27111
27134
27179
27204
27197
27178
27170
27178
27192
27202
27201
27193
27185
27185
27201
27215
27214
27205
27200
27193
27180
27163
27153
27152
27149
27138
27122
27115
27120
27135
27146
27143
27140
27149
27162
27162
27149
27144
27164
27187
27181
27142
27096
27070
27076
27095
27126
27143
27149
27162
27184
27196
27186
27164
27151
27153
27161
27162
27154
27145
27130
27132
27164
27270
27396
27432
27324
27150
27039
27055
27157
27256
27222
26935
26791
27941
31137
35348
38444
39269
38761
36770
34200
32876
32594
34560
37310
39160
39870
40095
40038
39414
38398
37855
38414
39795
40840
42256
43116
42941
41737
40454
40201
41245
43095
44905
45838
45408
44524
43219
42990
44170
45480
47380
48222
47560
46057
45069
45528
47275
49174
49904
49025
47413
46513
47190
49038
50746
51052
50372
48800
47904
48187
49736
51530
52161
51216
49662
48982
49918
51771
53078
52803
51357
50138
50358
51300
53052
53892
53156
51635
50830
51645
53478
54851
54680
53840
52500
52363
53743
55542
56261
55454
54526
53711
54387
56014
57148
56863
55657
54939
55617
57139
58090
57644
56421
55833
56618
58077
58724
58548
57798
56675
56689
57943
59242
59364
58322
57348
57591
58884
59935
59716
58548
57793
58390
59338
60542
60515
59439
58654
59202
60701
61763
61483
60754
59895
60258
61611
62619
62359
61323
60884
61267
62512
63333
62965
62032
61819
62785
63993
64236
63396
62626
62954
64122
64886
64499
63588
63321
63592
64716
65855
65683
64699
64585
65776
66879
67089
66421
65963
66509
67607
68137
67694
67253
67167
68003
68925
69054
68602
68537
69282
70154
70349
70020
69731
70227
71209
71707
71437
71145
71327
72047
72493
72165
71654
71821
72604
73110
72907
72597
72919
73684
74047
73772
73548
73985
74507
74902
74940
74668
74890
75681
76258
76133
75808
76003
76585
76829
76623
76624
77218
77884
77980
77750
77796
78329
78914
79010
78910
79252
79951
80267
80261
80099
80400
80994
81254
81143
81248
81740
82114
82129
82065
82356
82857
83027
82862
82925
83362
83660
83568
83530
83908
84326
84391
84282
84444
84982
85290
85407
85402
85742
86244
86449
86437
86660
87077
87250
87165
87293
87731
88037
88039
88127
88504
88746
88864
88878
89136
89381
89571
89532
89658
90046
90299
90254
90268
90541
90781
90833
90989
91248
91633
91756
91791
92060
92402
92515
92545
92794
93105
93200
93223
93358
93687
93871
93894
94063
94274
94501
94525
94626
94943
95189
95249
95416
95789
96018
95982
96026
96323
96580
96651
96776
97036
97160
97191
97217
97428
97694
97780
97837
98093
98369
98442
98522
98848
99218
99399
99557
99877
100101
100312
100501
100837
101144
101239
101329
101609
101913
102105
102253
102576
102838
102896
102995
103316
103652
103825
103926
104149
104332
104379
104491
104771
105014
105124
105283
105522
105665
105744
105946
106214
106366
106502
106668
106867
107070
107154
107347
107636
107776
107791
107931
108184
108348
108477
108702
108898
108949
109044
109298
109463
109585
109703
109963
110217
110346
110506
110737
110832
110854
110947
111222
111464
111578
111753
112011
112152
112184
112303
112519
112629
112668
112896
113272
113516
113649
113873
114121
114212
114275
114478
114696
114778
114899
115043
115294
115434
115552
115794
116010
116048
116124
116409
116713
116861
117000
117211
117353
117451
117701
118031
118159
118221
118373
118673
118884
118948
119082
119306
119445
119508
119712
120013
120165
120228
120433
120710
120851
120915
121138
121454
121647
121787
122047
122302
122386
122486
122784
123095
123244
123338
123591
123848
123955
124098
124300
124640
124801
124879
125069
125289
125441
125687
126074
126350
126420
126536
126792
126997
127139
127411
127751
127885
127965
128061
128346
128599
128694
128859
129185
129437
129548
129755
130063
130228
130292
130533
131159
131335
131481
131697
131993
132132
132170
132393
132765
133015
133181
133363
133704
133911
134004
134216
134498
134635
134690
134939
135345
135591
135653
135805
136064
136216
136336
136650
137043
137272
137450
137775
138085
138186
138274
138349
138667
138908
139047
139337
139754
140013
140126
140354
140654
140799
140903
141208
141576
141761
141905
142243
142501
142731
142840
143078
143368
143496
143614
143828
144265
144527
144614
144843
145215
145462
145624
145950
146226
146516
146650
146890
147237
147431
147518
147789
148190
148432
148564
148850
149216
149439
149666
150144
150524
150821
151063
151321
151747
152111
152321
152625
153086
153454
153690
154024
154447
154724
154910
155255
155701
155923
156146
156433
156785
157014
157197
157562
158019
158244
158485
158801
159175
159409
159589
159931
160328
160546
160640
160887
161229
161466
161675
162059
162490
162734
162896
163166
163456
163664
163950
164377
164721
164850
165064
165304
165722
166005
166236
166592
166962
167192
167442
167847
168211
168392
168594
168934
169218
169393
169687
169973
170319
170411
170451
170632
170851
170992
171331
171870
172356
172611
172819
173098
173305
173457
173804
174327
174615
174874
175118
175444
175655
175744
176008
176496
176914
177189
177535
177945
178194
178282
178504
178867
179157
179370
179597
180097
180516
180694
180868
181195
181514
181774
182157
182637
182954
183126
183431
183873
184205
184447
184676
185111
185434
185636
185833
186274
186652
186841
187091
187524
187913
188177
188554
189096
189531
189788
190096
190351
190629
190726
190899
191271
191603
191801
192116
192610
193012
193255
193457
193905
194311
194529
194768
195015
195364
195547
195765
196225
196963
197236
197490
197947
198424
198736
199050
199495
199863
200054
200334
200825
201132
201389
201579
201808
202219
202461
202579
202876
203305
203591
203788
204173
204673
205028
205316
205606
206145
206545
206777
207123
207582
207863
207982
208265
208710
209010
209180
209553
210112
210411
210665
210936
211218
211611
211772
211910
212309
212782
213057
213293
213735
214199
214441
214653
215096
215585
215877
216147
216629
216967
217257
217330
217510
217721
218021
218251
218632
219179
219580
219779
220112
220679
221132
221329
221589
221901
222377
222642
222886
223375
223891
224164
224401
224914
225493
225812
226019
226263
226711
226968
227052
227326
227645
228069
228282
228555
229057
229476
229633
229858
230386
230921
231225
231546
232105
232621
232865
233099
233405
233941
234274
234471
234716
235307
235841
236129
236460
237012
237484
237691
237925
238386
238777
238923
239142
239471
240020
240312
240467
240900
241548
242030
242336
242796
243384
243769
243897
244188
244761
245298
245558
245817
246141
246684
246996
247172
247602
248214
248622
248832
249239
249855
250283
250449
250746
251285
251708
251895
252212
252606
253221
253493
253756
254188
254802
255235
255426
255772
256387
256893
257129
257452
258056
258604
258860
259010
259460
260016
260313
260443
260830
261416
261762
261825
262344
262736
263332
263564
263609
263914
264392
264687
264794
265132
265770
266286
266432
266608
267216
267940
268297
268431
268845
269505
269922
270022
270298
270957
271558
271667
271795
272046
272659
273223
273394
273500
274014
274739
275142
275234
275566
276273
276848
277014
277222
277618
278402
278846
278866
279070
279757
280471
280807
281079
281479
282327
282949
283099
283229
283720
284275
284485
284525
284871
285651
286351
286612
286801
287371
288071
288365
288341
288612
289322
289931
290132
290374
291121
291765
292270
292560
292645
293122
293887
294337
294381
294583
295230
295899
296201
296427
297061
297919
298426
298573
298970
299526
300448
300895
300927
301234
302034
302569
302966
303022
303348
304055
304617
304810
305111
305899
306765
307074
307020
307145
307900
308859
309362
309511
309934
310702
311242
311349
311568
312327
313211
313565
313532
313647
314345
314982
315669
315926
316270
317001
317694
317887
317914
318475
319543
320358
320579
320745
321394
322223
322555
322497
322550
323212
324141
324633
324730
324934
325722
326678
327097
327044
327265
328299
329081
329389
329545
330150
330787
331571
331821
331905
332387
333116
333444
333330
333473
334303
335348
335872
335928
336072
336743
337632
338120
338211
338481
339233
340080
340380
340285
340587
341531
342462
342779
342825
343369
344441
345259
345442
345531
345889
346835
347596
347780
347792
348196
349117
349903
350132
350222
350797
351707
352199
352104
352111
352781
353739
354112
354127
354080
354658
355670
356295
356313
356393
357149
358264
358889
358889
358917
359529
360681
361523
361710
361822
362472
363764
364942
365534
365925
366689
367689
368242
368243
368386
369205
370322
370959
371086
371421
371969
372991
373572
373630
373678
374248
375220
375863
375967
376143
376930
378008
378620
378698
378951
379831
380900
381329
381468
381595
382287
383270
383790
383777
383945
384759
385782
386191
386310
386441
387180
388256
388875
388928
388934
389427
390308
390866
390930
391140
391996
393359
393898
393822
393933
394748
395813
396358
396424
396780
397388
398154
399019
399234
399305
399901
400886
401467
401396
401301
401787
402574
402876
402595
402508
403231
404359
404866
404957
404780
405178
406205
407046
407121
406920
407079
407998
409075
409424
409068
408948
409751
410987
411646
411564
411210
411472
412607
413772
414083
413720
413635
414450
415637
416264
416129
416005
416673
417902
418586
418879
418700
418555
419237
420486
421367
421368
421128
421579
422843
424031
424309
423949
423939
424870
426138
426739
426586
426107
426260
427356
428555
428906
428516
428335
428860
430185
431345
431566
431246
431374
432445
433792
434447
434366
434064
434426
435672
436952
437355
437038
437009
437994
439481
440428
440431
440260
440880
441812
443344
444162
444178
444006
444473
445799
447147
447648
447421
447425
448394
449905
450897
450791
450282
450501
451761
453154
453647
453435
453033
453441
454742
455634
456228
455826
455375
455914
457381
458955
459212
458465
458336
459509
460884
461637
461548
461052
461119
462245
463685
464373
464078
463704
464240
465640
466882
467148
466777
466433
467091
468582
469803
470009
469553
469168
469813
471283
472458
472514
471883
471738
472741
474269
475159
474914
474273
474343
475403
476587
476922
476768
476073
475855
476755
478223
479092
478811
478025
477964
479110
480711
481532
481167
480390
480412
481577
482631
483696
483586
482743
482394
483276
484932
486073
485915
485266
484447
484814
486354
487958
488472
487850
487287
487181
488323
490048
491074
490836
489929
489648
490609
492259
493336
493204
492357
492021
492879
494485
495651
495784
495441
494644
494610
495796
497563
498631
498422
497521
497223
498200
499971
501288
501383
500608
500130
500443
501807
503422
504140
503711
502895
502907
504135
505891
506704
506856
506033
505410
505980
507591
509136
509540
509144
508209
508048
509184
511023
512358
512640
512343
512550
513920
516134
518119
518989
518878
518786
519700
520886
522261
523814
524339
523395
522870
523390
525029
526352
526675
525965
525031
525011
526207
527929
528922
528678
527774
527428
527950
529556
531233
531852
531325
530744
530466
531411
533172
534606
534838
534074
533368
533752
535225
536389
537483
537343
536438
535932
536643
538315
539860
540264
539580
538748
538874
540140
541815
542717
542392
541738
541136
541072
542224
543930
544957
544708
543667
543026
543608
545151
546571
546855
546059
545126
545175
546409
548066
548780
548749
547737
546848
547120
548546
549717
550852
550713
549740
549094
549642
551186
552733
553211
552517
551789
551224
551897
553489
554896
555159
554375
553494
553593
554865
556584
557556
557266
556264
555789
556068
557486
558672
559894
559888
559008
558331
558764
560235
561846
562505
562003
561071
560861
561885
563666
565033
565141
564252
563637
563554
564741
566566
567821
567940
567205
566267
566268
567498
569264
570356
570183
569264
568749
569417
571023
572586
573072
572773
571817
571315
571990
573591
575130
575599
574944
574017
573929
575104
577070
578735
579296
579030
578939
579272
580890
583435
585953
587586
588196
588383
588981
590721
592896
594909
595803
595403
594653
594681
595868
597061
598722
599492
599045
597939
597176
597403
598648
599713
600982
601217
600404
599464
599292
600197
601814
603334
603903
603764
602843
602152
602384
603611
605227
606387
606449
605542
604627
604553
605566
607212
608226
609002
608540
607421
606860
606856
607968
609609
610837
610933
609942
608816
608475
609239
610718
612037
612403
611610
610438
609877
610098
611254
612762
613722
613710
612751
611519
611013
611635
613032
614328
614713
613924
612690
612037
612462
613759
614715
615646
615449
614300
613195
612972
613844
615306
616473
616634
615718
614906
614117
614325
615517
617003
617885
617805
616766
615511
614991
615561
616932
618297
618831
618159
616949
616286
616696
618021
619540
620476
620284
619184
618427
617969
618107
619186
620640
621706
621755
620866
620003
620006
621073
622746
624225
624803
624227
623178
622652
622850
623953
625502
626698
626891
626073
625169
625059
625548
626904
628410
629414
629430
628593
627789
627760
628295
629731
631311
632283
632107
631134
630462
630860
632368
634381
636138
637067
637083
636936
637505
639174
640791
642546
644864
646171
646320
646060
646229
647115
648644
650427
651818
652072
651279
650531
650701
651836
653364
654253
654960
654590
653523
652762
652951
654097
655925
657194
657542
657103
656060
655455
655855
657175
658821
660029
660255
659584
658386
657754
658193
659527
661123
662248
662304
661316
660246
660018
660844
662339
663807
664556
664401
663763
662533
661906
662302
663500
664898
665836
665748
664675
663560
663280
664024
665412
666774
667432
666933
666114
664944
664584
665210
666447
667667
668244
667748
666962
665836
665469
666035
667231
668485
669135
668685
667458
666720
666319
666889
668119
669442
670202
669845
668611
667544
667417
668278
669654
670883
671320
670632
669785
669006
668517
669060
670329
671700
672542
672368
671349
670398
670253
671025
672382
673749
674457
674007
672803
671932
671910
672736
674203
675668
676473
676152
675073
674467
674321
675162
676581
678002
678870
678742
677810
676975
676839
677407
678693
680217
681354
681477
680635
679755
679675
680560
682050
683540
684364
684055
683009
682277
682305
682755
683977
685419
686605
687009
686484
685782
685883
687118
689094
691127
692622
693169
692892
692588
692951
694127
695260
697191
698895
699692
699422
698860
698768
699274
700426
701951
703392
704008
703386
702204
701577
701979
703186
704192
705588
706276
705836
704747
704068
704400
705588
707105
708378
708839
708246
707186
706713
706771
707699
709116
710084
711121
711147
710197
709175
708946
709682
711042
712516
713493
713393
712328
711269
711067
711824
713136
714063
715105
715195
714235
713054
712653
712925
714007
715373
716489
716804
716085
714911
714228
714469
715448
716741
717528
718117
717606
716349
715379
715355
716184
717437
718653
719244
718748
717511
716780
716410
716990
718172
719072
720177
720402
719513
718242
717628
718033
719122
720412
721663
721788
720608
719360
718812
719303
720043
721649
722883
723457
722976
721806
720947
721049
722003
722886
724232
725131
725061
724077
723046
722814
723520
724343
725794
727078
727557
726927
725812
725258
725719
726923
728398
729667
730142
729532
728413
727799
728174
728494
729813
731320
732471
732666
731840
730830
730588
731333
732668
734129
735236
735448
734661
733606
733196
733707
734412
735768
737196
738102
738041
737405
737177
737914
738812
740363
742045
743780
745017
745235
744748
744532
744863
745870
746895
747760
748533
748807
748110
746762
745797
745867
746618
747459
748398
749404
749865
749273
748478
747750
747436
748139
749190
750184
751188
751946
751866
750889
749863
749740
750545
751609
752629
753644
754293
753992
753270
752074
751702
752378
753443
754459
755499
756106
756403
755632
754353
753711
754176
755178
756130
757050
757830
757995
757410
756199
755391
755622
756510
757428
758324
759159
759412
758669
757403
756697
757061
757660
758563
759383
759948
760593
760402
759253
758030
757792
758575
759573
760384
761165
761732
761489
760363
759230
759065
759832
760473
761283
762053
762772
762881
762397
761151
760264
760454
761364
762293
763151
763981
764316
763667
762412
761652
761780
762667
763663
764502
765347
765932
765663
764568
763592
763638
764573
765730
766500
767651
768480
768431
767513
766843
766549
767334
768423
768923
768863
768741
768342
766741
763822
761166
760572
762076
764051
764884
764288
763157
762615
762436
762637
763008
763081
762806
762437
762217
762180
762194
762138
762013
761920
761930
762032
762208
762479
762713
763095
763462
763858
764366
764972
765571
766099
766427
766916
767404
767842
768205
768534
768864
769149
769313
769353
769363
769354
769308
769203
769071
768961
768881
768801
768686
768532
768369
768237
768148
768086
768048
767982
767928
767829
767716
767600
767497
767400
767299
767181
767053
766934
766839
766761
766666
766541
766409
766290
766185
766114
766002
765874
765720
765552
765447
765311
765177
765011
764819
764626
764444
764264
764087
763923
763773
763619
763502
763311
763118
762937
762756
762562
762354
762152
761975
761820
761654
761448
761293
761062
760873
760729
760596
760489
760290
760058
759820
759595
759399
759247
759127
758992
758807
758583
758360
758159
757973
757790
757617
757450
757330
757127
756985
756786
756617
756462
756304
756152
756023
755905
755774
755616
755449
755297
755175
755072
755004
754890
754756
754607
754469
754366
754297
754240
754173
754126
754066
754016
753958
753885
753805
753726
753652
753588
753552
753502
753444
753385
753329
753273
753215
753173
753161
753155
753115
753041
752971
752933
752926
752932
752948
752954
752939
752877
752785
752740
752821
753010
753214
753423
753728
754173
754688
755218
755811
756504
757233
757910
758329
758949
759582
760175
760516
760951
761357
761756
762074
762260
762379
762507
762615
762614
762513
762409
762356
762332
762274
762188
762109
762064
762044
762020
761967
761880
761770
761668
761621
761590
761576
761525
761422
761298
761229
761154
761089
761006
760903
760801
760719
760652
760579
760503
760434
760362
760251
760084
759890
759718
759633
759529
759459
759335
759195
759062
758934
758786
758605
758417
758254
758111
757962
757798
757628
757458
757275
757140
756922
756706
756510
756327
756131
755914
755697
755505
755391
755231
755066
754882
754681
754476
754285
754107
753993
753822
753654
753481
753293
753094
752897
752711
752532
752357
752184
752019
751863
751705
751534
751367
751265
751125
751030
750887
750761
750659
750543
750390
750221
750079
749966
749853
749716
749561
749416
749320
749293
749280
749250
749178
749089
749012
748953
748908
748870
748835
748806
748758
748706
748653
748591
748527
748472
748433
748416
748395
748375
748356
748340
748330
748320
748297
748263
748241
748248
748273
748282
748256
748218
748216
748232
748327
748461
748621
748863
749252
749754
750276
750800
751380
752038
752725
753388
754041
754716
755386
755973
756454
756746
757184
757584
757861
758029
758167
758250
758300
758227
758108
758036
758019
757995
757937
757861
757792
757739
757718
757696
757668
757625
757581
757542
757503
757455
757391
757310
757219
757142
757099
757041
756979
756918
756846
756784
756665
756554
756478
756431
756370
756266
756121
755969
755837
755723
755596
755438
755267
755112
754986
754875
754801
754682
754592
754439
754272
754107
753953
753800
753633
753445
753246
753051
752873
752703
752519
752317
752182
751996
751836
751680
751512
751331
751137
750931
750729
750554
750399
750294
750129
749962
749804
749641
749464
749351
749195
749043
748860
748655
748472
748336
748218
748083
747937
747804
747678
747543
747391
747238
747103
746986
746915
746845
746728
746597
746461
746333
746212
746095
745987
745906
745856
745817
745763
745690
745615
745553
745505
745472
745411
745352
745308
745268
745201
745113
745042
745014
744987
744958
744931
744919
744922
744923
744912
744892
744881
744879
744894
744910
744912
744895
744857
744801
744752
744766
744872
745043
745249
745534
745959
746309
746868
747235
747799
748425
749107
749785
750436
751093
751776
752442
753028
753548
754049
754516
754860
755056
755183
755306
755373
755405
755359
755295
755265
755232
755193
755141
755081
755016
754950
754903
754881
754859
754811
754752
754721
754723
754739
754725
754655
754543
754430
754349
754290
754213
754111
754020
753975
753925
753860
753773
753685
753615
753568
753472
753329
753166
753006
752846
752675
752505
752358
752234
752117
751995
751860
751716
751569
751421
751259
751139
751007
750807
750622
750460
750309
750154
749983
749800
749610
749418
749230
749049
748873
748703
748545
748398
748298
748139
747967
747787
747597
747398
747197
746999
746868
746673
746492
746328
746169
746001
745822
745644
745469
745346
745156
744990
744866
744761
744639
744493
744347
744221
744111
744010
743905
743791
743662
743515
743407
743245
743152
743066
743794
747788
752561
740363
683204
576197
465722
423447
481657
597647
694728
731037
720111
700807
696289
701524
712761
717533
717597
712464
708179
707914
710524
713017
713556
712471
711225
710873
711406
712156
712548
712476
712197
712038
712092
712379
712759
713139
713596
714214
714685
715384
716058
716807
717695
718670
719647
720593
721760
722612
723350
723770
724345
724930
725504
725945
726207
726384
726556
726685
726719
726703
726710
726742
726755
726745
726698
726642
726613
726597
726609
726628
726634
726626
726604
726563
726505
726444
726393
726355
726319
726266
726191
726105
726028
725984
725919
725851
725807
725743
725673
725585
725488
725393
725295
725193
725077
724944
724795
724645
724503
724363
724268
724124
723979
723831
723674
723513
723355
723200
723039
722862
722731
722516
722291
722077
721882
721695
721502
721367
721161
720955
720492
720283
720072
719853
719614
719376
719169
718994
718818
718616
718399
718186
717989
717808
717750
717577
717394
717188
716969
716766
716592
716435
716268
716090
715924
715783
715658
715540
715425
715294
715127
715000
714806
714646
714527
714426
714308
714157
714041
713880
713769
713711
713665
713596
713514
713456
713428
713409
713386
713335
713276
713227
713185
713138
713082
713020
712957
712908
712895
712920
712952
712956
712941
712910
712892
712892
712903
712913
712916
712914
712912
712921
712938
712960
713010
713127
713305
713528
713849
714357
715030
715747
716211
716922
717720
718605
719212
720098
721205
722054
722899
723672
724332
724920
725464
725894
726159
726328
726441
726607
726700
726688
726625
726568
726523
726482
726440
726401
726375
726372
726376
726371
726333
726273
726218
726193
726170
726157
726139
726106
726043
725948
725831
725719
725626
725556
725496
725432
725352
725264
725186
725128
725093
725018
724941
724786
724626
724487
724355
724209
724052
723891
723719
723536
723347
723163
722994
722855
722737
722655
722495
722283
722042
721809
721604
721427
721258
721063
720580
720424
720215
720033
719840
719608
719352
719106
718957
718744
718530
718315
718103
717897
717699
717503
717300
717084
716874
716682
716509
716349
716194
716023
715890
715748
715530
715330
715157
715010
714876
714733
714560
714371
714196
714043
713903
713763
713624
713480
713428
715068
718225
722598
708321
650886
545724
428845
375246
368065
449136
568708
660863
693451
683014
665175
661194
669692
679254
681888
679722
674645
671836
672818
675570
677376
677202
675930
674999
675085
675846
676558
676774
676711
676439
676260
676260
676400
676595
676790
677011
677273
677591
678050
678721
679534
680366
681228
682223
683353
684486
685524
686175
687152
688168
689166
689775
690585
691304
691936
692410
692706
692931
693179
693397
693486
693461
693406
693368
693348
693327
693320
693324
693319
693311
693310
693311
693293
693258
693229
693218
693206
693184
693144
693090
693020
692966
692881
692808
692752
692708
692658
692586
692496
692402
692320
692245
692162
692053
691910
691742
691568
691408
691312
691224
691090
690934
690745
690539
690348
690189
690048
689904
689743
689558
689347
689120
688905
688711
688508
688350
688077
687799
687564
687372
687183
686957
686696
686520
686277
686062
685849
685608
685333
685045
684772
684528
684379
684159
683932
683701
683479
683271
683069
682859
682631
682393
682162
681947
681743
681549
681375
681276
681134
681034
680867
680691
680525
680379
680251
680122
679979
679819
679652
679486
679328
679188
679069
678966
678875
678826
678778
678748
678718
678675
678618
678554
678507
678441
678383
678336
678297
678249
678184
678123
678099
678119
678143
678168
678168
678158
678157
678167
678181
678197
678207
678206
678206
678235
678285
678315
678366
678480
678693
678884
679247
679758
680445
681221
682000
682837
683823
684921
685995
686984
687948
688944
689932
690805
691537
692200
692629
693199
693601
693788
694022
694230
694341
694320
694249
694221
694230
694217
694157
694079
694015
693978
693961
693958
693964
693962
693923
693839
693736
693649
693591
693557
693528
693501
693437
693348
693246
693140
693039
692937
692868
692772
692696
692643
692592
692510
692373
692184
691976
691789
691626
691468
691297
691117
690937
690757
690579
690522
690350
690176
689999
689828
689658
689459
689217
688962
688727
688508
688275
688014
687744
687495
687277
687067
686915
686661
686394
686137
685893
685643
685467
685195
684937
684715
684523
684329
684102
683839
683564
683302
683069
682926
682717
682497
682268
682040
681824
681631
681468
681309
681124
680926
680746
680582
680469
680287
680105
679944
679797
679700
679559
680180
683701
687337
675584
627269
538455
431860
346627
318220
363819
465849
574317
640462
652348
635964
625448
621949
626790
636793
641731
639643
634918
632413
633440
636017
637641
637443
636288
635485
635621
636369
637061
637277
637233
636993
636837
636867
637049
637340
637708
638104
638384
638905
639649
640583
641566
642560
643679
644980
645891
647204
648411
649583
650786
651967
653018
653918
654724
655679
656189
656515
656789
657090
657334
657421
657418
657370
657337
657327
657307
657268
657231
657208
657202
657216
657241
657245
657207
657142
657092
657082
657090
657078
657011
656899
656793
656718
656663
656599
656541
656440
656351
656292
656250
656188
656097
655992
655881
655749
655643
655468
655027
654822
654582
654315
654053
653825
653636
653466
653291
653095
652887
652688
652497
652359
652206
651946
651665
651387
651116
650849
650584
650323
650065
649794
649496
649188
648901
648645
648401
648149
647876
647684
647389
647120
646892
646672
646413
646215
645914
645632
645369
645108
644852
644605
644354
644091
643828
643596
643463
643283
643094
642882
642667
642461
642268
642091
641939
641802
641650
641467
641330
641126
640934
640745
640545
640416
640262
640175
640134
640103
640065
640018
639960
639893
639826
639774
639740
639707
639651
639567
639481
639421
639401
639393
639394
639393
639386
639383
639396
639427
639458
639473
639481
639502
639537
639564
639567
639543
639531
639565
639731
640010
640342
640756
641364
642181
643079
643982
644631
645761
647059
648365
649554
650655
651761
652883
653589
654527
655602
656369
657036
657493
657775
658022
658272
658423
658423
658348
658292
658269
658243
658185
658130
658065
657971
657912
657900
657915
657931
657927
657901
657859
657805
657736
657641
657521
657411
657341
657300
657250
657198
657091
656964
656836
656723
656641
656604
656554
656471
656326
656127
655917
655723
655542
655086
654847
654676
654431
654216
654018
653811
653588
653368
653165
652981
652797
652584
652331
652051
651766
651480
651290
651014
650833
650568
650302
650029
649754
649485
649227
648969
648692
648389
648082
647791
647514
647249
647004
646777
646533
646348
646043
645742
645463
645201
645033
644792
644558
644311
644056
643824
643627
643442
643239
643017
642800
642668
642491
642323
642145
641950
641754
641633
642757
647022
649218
630579
571136
475653
407277
322802
274940
268174
290313
366013
472263
562958
604246
600737
582842
575212
580945
590863
595380
593211
588454
586199
587304
590064
591608
591650
590739
589547
589415
590034
590830
591384
591451
591223
591037
591057
591252
591567
591971
592410
592881
593530
594134
595257
596459
597654
598956
600444
602002
603457
604787
606107
607025
608414
609679
610757
611716
612573
613233
613534
613861
614155
614403
614506
614484
614457
614478
614498
614477
614430
614398
614392
614406
614420
614418
614386
614369
614313
614279
614279
614286
614263
614201
614114
614022
613937
613853
613758
613651
613556
613481
613408
613330
613281
613221
613153
613039
612864
612643
612407
612255
612044
611838
611608
611349
611083
610829
610596
610385
610183
610037
609790
609513
609229
608944
608643
608321
607999
607686
607371
607040
606700
606368
606062
605874
605605
605429
605156
604858
604525
604179
603855
603566
603290
603013
602730
602435
602119
601789
601460
601138
600821
600510
600311
600028
599749
599456
599171
599004
598799
598607
598391
598159
597945
597759
597588
597403
597188
596955
596732
596594
596385
596155
595911
595702
595568
595496
595440
595358
595244
595127
595041
595010
594994
594981
594944
594877
594818
594712
594606
594521
594464
594423
594401
594407
594442
594484
594522
594559
594603
594648
594679
594694
594709
594728
594764
594780
594769
594727
594736
594904
595235
595634
596082
596728
597666
598770
599888
601050
602358
603772
604710
606068
607421
608835
610251
611499
612492
613326
614134
614866
615240
615617
615891
616135
616273
616264
616221
616188
616201
616193
616133
616054
615999
615971
615949
615906
615845
615790
615755
615734
615703
615652
615587
615540
615486
615392
615296
615213
615136
615032
614892
614756
614649
614566
614484
614394
614294
614162
613979
613754
613599
613381
613176
612956
612705
612440
612186
611946
611791
611561
611327
611085
610844
610623
610407
610137
609780
609512
609125
608785
608480
608182
607884
607583
607265
606924
606582
606256
605944
605630
605311
605103
604807
604525
604334
604029
603703
603382
603084
602800
602505
602195
601881
601567
601245
600917
600597
600300
600026
599774
599545
599400
599180
598955
598730
598505
598356
598137
597948
597796
597645
597475
598262
601822
603969
588317
537596
453525
392504
317039
271528
247758
242648
271490
345840
445030
524997
556339
548765
536909
526685
530184
539676
545495
544578
541807
538156
537589
539591
541817
542583
541933
540989
540701
541184
541919
542369
542389
542197
542077
542193
542569
542917
543292
543840
544425
545220
546271
547439
548626
549921
551414
553016
554567
556021
557452
558895
560260
561437
562124
563089
564002
564733
565195
565493
565776
565954
566124
566151
566122
566127
566155
566155
566108
566041
565980
565956
565952
565980
566009
566011
565991
565972
565962
565951
565924
565877
565819
565758
565690
565630
565510
565413
565273
565172
565118
565073
564994
564881
564764
564650
564511
564323
564100
563866
563623
563364
563100
562850
562695
562479
562272
562052
561806
561541
561369
561133
560902
560625
560291
559952
559663
559416
559157
558848
558500
558267
557944
557653
557355
557021
556659
556310
556005
555735
555459
555147
554812
554476
554140
553792
553559
553335
553027
552744
552466
552181
551878
551556
551227
550918
550644
550401
550180
549980
549795
549594
549347
549071
548900
548685
548508
548339
548168
547997
547878
547671
547432
547194
547015
546935
546927
546911
546831
546709
546603
546559
546520
546477
546416
546352
546300
546251
546191
546118
546046
545991
545971
545993
546023
546064
546076
546057
546040
546037
546079
546156
546231
546278
546291
546276
546243
546222
546294
546534
546903
547302
547777
548519
549582
550373
551534
552702
553583
555104
556716
558215
559582
560942
562338
563643
564740
565688
566592
567389
567933
568245
568408
568655
568840
568877
568804
568718
568653
568603
568567
568552
568547
568526
568481
568429
568395
568378
568367
568360
568350
568343
568327
568281
568186
568047
567892
567749
567623
567504
567386
567281
567200
567136
567059
566987
566900
566751
566568
566334
566069
565817
565598
565385
565149
564892
564633
564385
564146
563905
563653
563384
563202
562938
562683
562414
562106
561765
561425
561107
560795
560574
560213
559839
559497
559198
558910
558609
558291
558075
557749
557430
557122
556810
556471
556106
555753
555440
555146
554826
554464
554088
553726
553394
553192
552913
552736
552463
552160
551841
551551
551315
551122
550929
550707
550458
550203
549964
549745
549542
549347
549252
550626
553156
555859
542888
495723
415367
356024
283110
242258
224160
215215
222395
266248
348638
438661
496339
508188
499716
483840
479332
486108
494736
497853
495262
491327
489821
491205
493507
494759
494518
493933
493233
493240
493789
494199
494589
494648
494545
494497
494626
494916
495249
495554
495892
496370
496970
497592
498225
498957
499818
500715
501277
502043
502766
503258
504010
504712
505310
505839
506340
506764
507052
507242
507413
507569
507669
507713
507733
507739
507737
507731
507736
507755
507779
507802
507823
507840
507856
507868
507892
507916
507928
507919
507898
507884
507885
507898
507905
507883
507828
507775
507752
507753
507746
507717
507682
507660
507645
507604
507514
507386
507301
507225
507136
507047
506943
506825
506700
506570
506442
506336
506250
506164
506062
505953
505845
505723
505576
505418
505319
505186
505059
504915
504754
504589
504485
504347
504213
504061
503880
503696
503530
503389
503267
503151
503024
502928
502779
502641
502509
502358
502186
502014
501863
501741
501636
501533
501407
501247
501070
500921
500852
500803
500736
500649
500545
500439
500339
500245
500162
500085
499986
499856
499728
499628
499547
499469
499408
499377
499366
499341
499303
499273
499254
499231
499206
499165
499135
499117
499110
499110
499109
499079
499012
498938
498914
498939
499012
499073
499082
499051
499027
499049
499117
499187
499218
499220
499237
499293
499342
499393
499400
499401
499454
499604
499861
500237
500732
501287
501829
502382
503045
503833
504649
505396
506080
506769
507477
508136
508523
509053
509557
510002
510229
510465
510648
510821
510934
510951
510920
510902
510899
510890
510875
510854
510819
510788
510748
510729
510731
510743
510752
510754
510743
510713
510667
510627
510614
510604
510571
510501
510425
510380
510365
510337
510284
510214
510141
510082
510046
510015
509942
509797
509616
509459
509338
509221
509083
508936
508847
508731
508629
508560
508453
508336
508203
508056
507918
507792
507656
507494
507325
507170
507017
506848
506655
506519
506324
506156
506015
505878
505722
505557
505412
505287
505144
505026
504831
504642
504460
504275
504090
503975
503819
503664
503493
503313
503146
503008
502880
502745
502597
502456
502336
502225
502107
501986
501875
501811
501724
501640
501554
501493
501391
501275
501149
501026
500917
500820
500719
500623
500553
500511
500483
500454
500434
500404
500371
500334
500304
500282
500268
500259
500247
500217
500160
500116
500070
500065
500085
500095
500087
500081
500084
500105
500135
500160
500172
500169
500165
500179
500211
500238
500248
500275
500375
500575
500872
501277
501607
501970
502528
503086
503718
504503
505389
506256
507049
507822
508629
509437
510157
510775
511345
511861
512243
512410
512598
512788
512949
513002
512963
512918
512911
512919
512920
512908
512895
512883
512854
512805
512753
512719
512708
512694
512670
512636
512612
512608
512599
512554
512480
512414
512371
512322
512238
512129
512058
511962
511904
511824
511766
511733
511688
511580
511412
511241
511109
511006
510897
510765
510606
510435
510271
510138
510021
509937
509782
509617
509464
509309
509117
508971
508755
508571
508408
508242
508071
507905
507735
507548
507336
507110
506959
506742
506534
506340
506160
505989
505817
505644
505474
505312
505154
504987
504798
504655
504432
504238
504092
504007
503856
503646
503404
503181
503015
502903
502820
502731
502618
502489
502358
502243
502142
502042
501926
501842
501712
501582
501492
502445
504522
507738
499641
463119
394720
315211
253433
220672
206243
196685
195422
222602
262762
345338
421786
460389
459806
443678
434860
438514
447323
452590
451687
447815
445808
445319
447187
449267
450023
449751
448886
448367
448573
449177
449657
449788
449708
449675
449826
450134
450489
450809
451078
451340
451655
451907
452325
452744
453140
453404
453821
454257
454660
454985
455254
455506
455742
455938
456096
456246
456373
456438
456444
456435
456450
456503
456571
456627
456663
456686
456703
456719
456736
456747
456764
456782
456800
456824
456861
456891
456926
456933
456922
456919
456934
456960
456990
457010
457018
457035
457064
457084
457073
457044
457008
456964
456938
456919
456914
456915
456896
456861
456817
456768
456725
456706
456707
456705
456684
456648
456599
456544
456497
456475
456451
456417
456354
456270
456190
456131
456098
456048
455994
455948
455914
455878
455827
455764
455695
455620
455568
455496
455436
455385
455340
455307
455286
455253
455190
455107
455034
454989
454956
454909
454863
454787
454729
454702
454693
454672
454638
454600
454576
454561
454536
454491
454432
454377
454333
454298
454260
454220
454184
454156
454134
454123
454114
454124
454142
454170
454174
454150
454132
454148
454178
454184
454158
454123
454102
454092
454078
454070
454081
454118
454153
454163
454159
454165
454187
454222
454267
454296
454322
454324
454318
454323
454346
454374
454390
454396
454416
454485
454624
454832
455076
455314
455548
455817
456149
456518
456876
457206
457536
457893
458254
458472
458913
459141
459339
459519
459669
459788
459891
459974
460022
460038
460037
460033
460035
460040
460032
460000
459952
459926
459911
459929
459958
459970
459960
459952
459955
459971
459971
459942
459902
459874
459864
459865
459869
459863
459852
459830
459807
459779
459741
459713
459712
459713
459678
459600
459517
459460
459425
459400
459344
459267
459217
459163
459139
459126
459099
459045
458981
458928
458883
458826
458748
458405
458309
458215
458144
458109
458078
458007
457938
457822
457727
457685
457643
457604
457541
457449
457349
457262
457189
457116
457039
456960
456886
456825
456793
456748
456683
456585
456479
456397
456337
456293
456267
456258
456246
456203
456160
456090
456040
456005
455967
455933
455866
455792
455720
455656
455606
455578
455562
455528
455476
455452
455483
455530
455538
455507
455467
455442
455434
455434
455437
455438
455428
455398
455361
455335
455329
455325
455313
455308
455324
455346
455356
455359
455365
455382
455394
455385
455363
455348
455355
455383
455409
455412
455404
455401
455436
455509
455602
455731
455925
456171
456344
456605
456894
457238
457621
457989
458321
458890
459211
459523
459794
460020
460228
460423
460593
460741
460787
460915
460994
460996
460955
460931
460951
460987
461002
460978
460925
460872
460851
460866
460889
460888
460856
460828
460799
460794
460808
460821
460812
460776
460745
460710
460707
460722
460719
460687
460651
460628
460611
460584
460562
460529
460487
460425
460359
460316
460292
460253
460176
460079
459996
459940
459906
459887
459843
459768
459680
459628
459572
459521
459452
459366
459281
459196
459107
459039
459012
459001
458951
458843
458472
458397
458357
458306
458251
458145
458039
457984
457933
457901
457858
457787
457693
457590
457492
457403
457317
457226
457137
457073
457052
457038
457004
456927
456828
456742
456675
456613
456566
456547
456543
456518
456482
456409
456336
456286
456260
456245
456209
456146
456077
456038
456036
456042
456030
456001
455964
455928
455907
455906
455909
455897
455873
455855
455849
455842
455841
455844
455845
455833
455818
455819
455835
455855
455867
455864
455851
455836
455832
455847
455866
455891
455898
455886
455875
455879
455896
455916
455958
456063
456178
456404
456660
456933
457240
457591
457951
458278
458474
459014
459330
459680
460018
460308
460561
460792
460984
461110
461185
461242
461292
461323
461336
461346
461356
461367
461372
461352
461321
461305
461311
461323
461318
461292
461264
461259
461282
461307
461310
461293
461274
461272
461276
461276
461257
461218
461168
461120
461099
461093
461105
461104
461076
461033
460983
460915
460823
460738
460698
460665
460629
460561
460472
460391
460336
460290
460233
460159
460087
460039
460018
459983
459931
459812
459685
459616
459539
459477
459422
459374
459310
459218
459124
459062
459019
458963
458883
458796
458458
458380
458313
458259
458223
458154
458069
457986
457940
457878
457813
457734
457644
457557
457483
457419
457354
457291
457231
457167
457114
457026
456954
456916
456892
456848
456783
456726
456689
456652
456597
456534
456496
456447
456391
456337
456314
456323
456326
456316
456894
459938
462653
453050
416289
350918
277273
219683
186684
171086
162789
157318
153522
150744
149171
146967
144870
143543
141652
139829
138032
136270
134566
132916
131318
129509
127976
126438
124904
123416
121991
121069
119710
118387
117115
115893
114714
113580
112497
111441
110384
109675
108619
107575
106534
105498
104480
103488
102837
101868
100895
99908
98903
97910
96966
96074
95191
94292
93394
92529
91691
90867
90070
89321
88844
88370
87644
86899
86159
85444
84760
84109
83482
82859
82228
81600
80992
80401
79817
79233
78642
78247
77659
77088
76536
75993
75455
74937
74449
74131
73641
73120
72587
72083
71622
71185
70752
70324
70047
69639
69228
68813
68409
68016
67617
67210
66810
66429
66070
65727
65131
64782
64547
64204
63871
63653
63327
63013
62720
62435
62144
61848
61550
61246
60934
60625
60338
60083
59853
59627
59381
59202
58924
58655
58409
58177
57942
57779
57529
57291
57083
56901
56733
56557
56353
56122
55882
55654
55513
55318
55138
54961
54765
54545
54319
54110
53914
53728
53559
53411
53259
53140
52944
52754
52593
52494
52335
52166
52006
51858
51717
51585
51469
51355
51220
51051
50866
50693
50547
50421
50290
50143
50041
49901
49776
49696
49566
49420
49264
49110
48964
48835
48726
48633
48537
48432
48313
48183
48042
47945
47810
47691
47581
47468
47360
47267
47189
47107
47010
46946
46870
46821
46774
46699
46597
46488
46422
46339
46277
46230
46177
46093
45970
45837
45722
45639
45569
45496
45422
45363
45312
45250
45193
45126
45023
44942
44883
44822
44742
44654
44579
44519
44457
44383
44299
44211
44122
44020
43906
43802
43746
43681
43621
43564
43523
43496
43457
43415
43332
43243
43157
43066
42972
42891
42833
42786
42749
42676
42585
42495
42411
42327
42243
42172
42120
42068
41994
41901
41813
41737
41662
41604
41512
41453
41375
41297
41207
41124
41075
41051
41016
40947
40857
40767
40686
40617
40561
40518
40466
40396
40343
40276
40224
40174
40112
40068
40009
39960
39913
39863
39813
39757
39689
39617
39553
39501
39454
39426
39387
39342
39291
39248
39208
39150
39065
38977
38910
38862
38811
38768
38698
38640
38613
38608
38600
38549
38457
38360
38300
38277
38262
38231
38170
38088
38001
37922
37848
37776
37713
37661
37619
37594
37565
37548
37541
37527
37498
37446
37370
37279
37187
37113
37071
37052
37033
36993
36934
36872
36835
36782
36719
36637
36551
36479
36426
36383
36341
36308
36250
36184
36121
36064
36011
35963
35926
35907
35877
35835
35778
35707
35629
35558
35507
35474
35445
35410
35362
35303
35240
35186
35146
35128
35114
35096
35066
35008
34933
34867
34832
34816
34796
34767
34733
34697
34659
34622
34600
34598
34599
34585
34534
34467
34423
34409
34404
34378
34323
34251
34178
34126
34100
34088
34071
34045
34012
33973
33944
33909
33884
33851
33783
33685
33603
33576
33598
33621
33605
33555
33521
33490
33479
33463
33432
33406
33368
33330
33289
33254
33236
33227
33211
33184
33160
33149
33137
33104
33053
33006
32979
32968
32950
32924
32899
32884
32879
32878
32878
32874
32864
32852
32830
32784
32719
32660
32632
32631
32633
32620
32585
32542
32510
32483
32448
32412
32394
32390
32379
32346
32318
32280
32245
32208
32172
32161
32178
32227
32270
32280
32266
32252
32240
32208
32150
32097
32071
32065
32057
32042
32031
32029
32031
32037
32039
32030
31994
31937
31883
31851
31840
31847
31859
31860
31852
31846
31848
31855
31854
31845
31815
31772
31739
31730
31726
31702
31653
31610
31596
31598
31608
31614
31620
31622
31605
31558
31522
31487
31482
31489
31481
31459
31449
31467
31493
31492
31460
31420
31395
31392
31399
31401
31397
31389
31377
31365
31345
31324
31322
31341
31360
31362
31348
31324
31295
31274
31274
31285
31282
31267
31237
31219
31206
31183
31163
31176
31203
31242
31240
31196
31143
31104
31072
31046
31035
31040
31046
31054
31059
31061
31057
31054
31063
31083
31096
31094
31087
31081
31069
31047
31034
31026
31031
31037
31053
31077
31096
31084
31047
31016
31018
31044
31067
31074
31077
31082
31080
31064
31043
31027
31018
31001
30984
30982
30989
31001
30998
30983
30971
30963
30950
30937
30937
30950
30950
30921
30877
30856
30848
30865
30896
30922
30927
30905
30869
30839
30828
30836
30841
30834
30811
30792
30789
30794
30795
30789
30780
30772
30766
30757
30746
30734
30720
30704
30690
30685
30683
30671
30646
30617
30602
30603
30624
30666
30705
30717
30702
30675
30660
30659
30659
30649
30633
30623
30628
30652
30681
30683
30659
30595
30529
30491
30484
30501
30531
30551
30566
30552
30523
30504
30502
30503
30496
30490
30488
30485
30474
30465
30464
30459
30435
30398
30370
30363
30370
30373
30364
30346
30337
30337
30342
30341
30336
30329
30331
30330
30316
30297
30295
30306
30313
30303
30285
30271
30264
30260
30256
30243
30212
30184
30147
30132
30137
30139
30137
30142
30166
30190
30194
30187
30182
30170
30139
30103
30088
30093
30100
30106
30101
30090
30075
30051
30023
30005
30015
30043
30055
30030
29999
29956
29938
29943
29953
29969
29983
29990
29988
29981
29977
29976
29972
29967
29965
29962
29946
29918
29891
29873
29863
29852
29852
29866
29878
29889
29893
29900
29905
29893
29870
29862
29873
29877
29856
29820
29784
29767
29759
29772
29799
29826
29841
29848
29852
29841
29806
29755
29719
29713
29724
29744
29761
29767
29763
29747
29736
29736
29738
29734
29727
29717
29692
29658
29642
29665
29707
29724
29694
29639
29606
29582
29587
29596
29608
29618
29634
29661
29691
29708
29700
29669
29632
29612
29609
29612
29614
29615
29611
29595
29575
29564
29570
29581
29584
29576
29559
29545
29526
29512
29505
29504
29513
29522
29523
29515
29501
29487
29482
29494
29519
29541
29544
29526
29488
29438
29390
29365
29372
29402
29429
29435
29435
29419
29407
29410
29422
29432
29432
29424
29410
29395
29382
29375
29372
29375
29379
29373
29361
29339
29328
29330
29329
29317
29307
29312
29332
29341
29314
29273
29266
29299
29325
29310
29274
29260
29255
29255
29250
29254
29267
29275
29270
29261
29262
29274
29285
29285
29277
29267
29272
29289
29300
29314
29324
29326
29308
29268
29224
29196
29186
29181
29173
29164
29165
29178
29189
29183
29168
29163
29171
29188
29198
29199
29196
29187
29172
29160
29157
29158
29155
29152
29161
29172
29164
29132
29114
29113
29143
29168
29159
29119
29076
29058
29067
29088
29099
29098
29088
29072
29046
29003
28979
28975
29011
29053
29066
29046
29019
29010
29025
29049
29056
29041
29024
29018
29021
29021
29010
28998
28985
28985
28997
29009
29010
29002
28991
28977
28965
28961
28966
28970
28965
28950
28930
28911
28903
28903
28919
28943
28964
28972
28966
28946
28924
28915
28912
28915
28918
28921
28926
28931
28928
28923
28917
28920
28928
28936
28941
28941
28928
28900
28873
28856
28841
28830
28842
28877
28898
28885
28853
28803
28786
28805
28829
28842
28843
28835
28819
28804
28807
28827
28848
28851
28834
28805
28776
28768
28779
28809
28827
28818
28798
28794
28804
28806
28773
28732
28725
28751
28770
28765
28753
28750
28751
28747
28737
28733
28733
28729
28720
28705
28684
28662
28655
28671
28691
28697
28691
28683
28684
28685
28681
28672
28670
28680
28693
28701
28702
28696
28683
28669
28666
28669
28665
28646
28621
28602
28598
28615
28655
28684
28710
28711
28694
28671
28647
28631
28626
28627
28623
28607
28583
28573
28582
28607
28626
28626
28621
28620
28612
28591
28573
28581
28610
28629
28635
28615
28587
28568
28555
28549
28557
28591
28626
28623
28577
28532
28526
28552
28574
28576
28568
28560
28559
28565
28584
28604
28610
28606
28585
28560
28536
28510
28489
28483
28492
28501
28503
28506
28516
28528
28532
28529
28529
28535
28539
28539
28532
28523
28518
28508
28497
28473
28457
28463
28487
28514
28529
28526
28510
28498
28495
28495
28485
28468
28464
28477
28498
28513
28516
28503
28475
28443
28423
28426
28439
28462
28470
28455
28439
28421
28418
28420
